data;

set BUSES := 01 02 03 04 05 06 07 08 09 10 11 12 13 14 15 16 17 18 19 20 21 22 23 24 25 26 27 28 29 30;
set FRANJAS := 01 02 03 04 05 06 07 08 09 10 11 12 13 14 15 16 17 18 19 20;

param kd := 3;
param kp := 45;

param Distancia :=
01 285
02 310
03 250
04 400
05 370
06 150
07 210
08 195
09 330
10 270
11 305
12 290
13 180
14 245
15 410
16 265
17 355
18 230
19 340
20 300
21 220
22 260
23 385
24 175
25 205
26 190
27 360
28 280
29 325
30 240
;

param Pasajeros :=
01 60
02 50
03 75
04 80
05 65
06 30
07 45
08 55
09 70
10 60
11 40
12 35
13 25
14 50
15 85
16 45
17 55
18 65
19 70
20 40
21 50
22 45
23 90
24 30
25 25
26 35
27 85
28 40
29 60
30 55
;

end;
