Problem:    parte
Rows:       51
Columns:    630 (630 integer, 630 binary)
Non-zeros:  1860
Status:     INTEGER OPTIMAL
Objective:  z = 33495 (MINimum)

   No.   Row name        Activity     Lower bound   Upper bound
------ ------------    ------------- ------------- -------------
     1 z                       33495                             
     2 Constraint1[1]
                                   1                           1 
     3 Constraint1[2]
                                   1                           1 
     4 Constraint1[3]
                                   1                           1 
     5 Constraint1[4]
                                   1                           1 
     6 Constraint1[5]
                                   1                           1 
     7 Constraint1[6]
                                   1                           1 
     8 Constraint1[7]
                                   1                           1 
     9 Constraint1[8]
                                   1                           1 
    10 Constraint1[9]
                                   1                           1 
    11 Constraint1[10]
                                   1                           1 
    12 Constraint1[11]
                                   1                           1 
    13 Constraint1[12]
                                   1                           1 
    14 Constraint1[13]
                                   1                           1 
    15 Constraint1[14]
                                   1                           1 
    16 Constraint1[15]
                                   1                           1 
    17 Constraint1[16]
                                   1                           1 
    18 Constraint1[17]
                                   1                           1 
    19 Constraint1[18]
                                   1                           1 
    20 Constraint1[19]
                                   1                           1 
    21 Constraint1[20]
                                   1                           1 
    22 Constraint2[1]
                                   1             1             = 
    23 Constraint2[2]
                                   1             1             = 
    24 Constraint2[3]
                                   1             1             = 
    25 Constraint2[4]
                                   1             1             = 
    26 Constraint2[5]
                                   1             1             = 
    27 Constraint2[6]
                                   1             1             = 
    28 Constraint2[7]
                                   1             1             = 
    29 Constraint2[8]
                                   1             1             = 
    30 Constraint2[9]
                                   1             1             = 
    31 Constraint2[10]
                                   1             1             = 
    32 Constraint2[11]
                                   1             1             = 
    33 Constraint2[12]
                                   1             1             = 
    34 Constraint2[13]
                                   1             1             = 
    35 Constraint2[14]
                                   1             1             = 
    36 Constraint2[15]
                                   1             1             = 
    37 Constraint2[16]
                                   1             1             = 
    38 Constraint2[17]
                                   1             1             = 
    39 Constraint2[18]
                                   1             1             = 
    40 Constraint2[19]
                                   1             1             = 
    41 Constraint2[20]
                                   1             1             = 
    42 Constraint2[21]
                                   1             1             = 
    43 Constraint2[22]
                                   1             1             = 
    44 Constraint2[23]
                                   1             1             = 
    45 Constraint2[24]
                                   1             1             = 
    46 Constraint2[25]
                                   1             1             = 
    47 Constraint2[26]
                                   1             1             = 
    48 Constraint2[27]
                                   1             1             = 
    49 Constraint2[28]
                                   1             1             = 
    50 Constraint2[29]
                                   1             1             = 
    51 Constraint2[30]
                                   1             1             = 

   No. Column name       Activity     Lower bound   Upper bound
------ ------------    ------------- ------------- -------------
     1 x[1,1]       *              0             0             1 
     2 x[1,2]       *              0             0             1 
     3 x[1,3]       *              0             0             1 
     4 x[1,4]       *              0             0             1 
     5 x[1,5]       *              0             0             1 
     6 x[1,6]       *              0             0             1 
     7 x[1,7]       *              0             0             1 
     8 x[1,8]       *              0             0             1 
     9 x[1,9]       *              0             0             1 
    10 x[1,10]      *              0             0             1 
    11 x[1,11]      *              1             0             1 
    12 x[1,12]      *              0             0             1 
    13 x[1,13]      *              0             0             1 
    14 x[1,14]      *              0             0             1 
    15 x[1,15]      *              0             0             1 
    16 x[1,16]      *              0             0             1 
    17 x[1,17]      *              0             0             1 
    18 x[1,18]      *              0             0             1 
    19 x[1,19]      *              0             0             1 
    20 x[1,20]      *              0             0             1 
    21 x[2,1]       *              0             0             1 
    22 x[2,2]       *              0             0             1 
    23 x[2,3]       *              0             0             1 
    24 x[2,4]       *              0             0             1 
    25 x[2,5]       *              0             0             1 
    26 x[2,6]       *              0             0             1 
    27 x[2,7]       *              0             0             1 
    28 x[2,8]       *              0             0             1 
    29 x[2,9]       *              0             0             1 
    30 x[2,10]      *              0             0             1 
    31 x[2,11]      *              0             0             1 
    32 x[2,12]      *              0             0             1 
    33 x[2,13]      *              0             0             1 
    34 x[2,14]      *              0             0             1 
    35 x[2,15]      *              0             0             1 
    36 x[2,16]      *              0             0             1 
    37 x[2,17]      *              0             0             1 
    38 x[2,18]      *              0             0             1 
    39 x[2,19]      *              1             0             1 
    40 x[2,20]      *              0             0             1 
    41 x[3,1]       *              0             0             1 
    42 x[3,2]       *              0             0             1 
    43 x[3,3]       *              1             0             1 
    44 x[3,4]       *              0             0             1 
    45 x[3,5]       *              0             0             1 
    46 x[3,6]       *              0             0             1 
    47 x[3,7]       *              0             0             1 
    48 x[3,8]       *              0             0             1 
    49 x[3,9]       *              0             0             1 
    50 x[3,10]      *              0             0             1 
    51 x[3,11]      *              0             0             1 
    52 x[3,12]      *              0             0             1 
    53 x[3,13]      *              0             0             1 
    54 x[3,14]      *              0             0             1 
    55 x[3,15]      *              0             0             1 
    56 x[3,16]      *              0             0             1 
    57 x[3,17]      *              0             0             1 
    58 x[3,18]      *              0             0             1 
    59 x[3,19]      *              0             0             1 
    60 x[3,20]      *              0             0             1 
    61 x[4,1]       *              0             0             1 
    62 x[4,2]       *              0             0             1 
    63 x[4,3]       *              0             0             1 
    64 x[4,4]       *              0             0             1 
    65 x[4,5]       *              1             0             1 
    66 x[4,6]       *              0             0             1 
    67 x[4,7]       *              0             0             1 
    68 x[4,8]       *              0             0             1 
    69 x[4,9]       *              0             0             1 
    70 x[4,10]      *              0             0             1 
    71 x[4,11]      *              0             0             1 
    72 x[4,12]      *              0             0             1 
    73 x[4,13]      *              0             0             1 
    74 x[4,14]      *              0             0             1 
    75 x[4,15]      *              0             0             1 
    76 x[4,16]      *              0             0             1 
    77 x[4,17]      *              0             0             1 
    78 x[4,18]      *              0             0             1 
    79 x[4,19]      *              0             0             1 
    80 x[4,20]      *              0             0             1 
    81 x[5,1]       *              0             0             1 
    82 x[5,2]       *              0             0             1 
    83 x[5,3]       *              0             0             1 
    84 x[5,4]       *              0             0             1 
    85 x[5,5]       *              0             0             1 
    86 x[5,6]       *              0             0             1 
    87 x[5,7]       *              0             0             1 
    88 x[5,8]       *              0             0             1 
    89 x[5,9]       *              0             0             1 
    90 x[5,10]      *              0             0             1 
    91 x[5,11]      *              0             0             1 
    92 x[5,12]      *              1             0             1 
    93 x[5,13]      *              0             0             1 
    94 x[5,14]      *              0             0             1 
    95 x[5,15]      *              0             0             1 
    96 x[5,16]      *              0             0             1 
    97 x[5,17]      *              0             0             1 
    98 x[5,18]      *              0             0             1 
    99 x[5,19]      *              0             0             1 
   100 x[5,20]      *              0             0             1 
   101 x[6,1]       *              0             0             1 
   102 x[6,2]       *              0             0             1 
   103 x[6,3]       *              0             0             1 
   104 x[6,4]       *              0             0             1 
   105 x[6,5]       *              0             0             1 
   106 x[6,6]       *              0             0             1 
   107 x[6,7]       *              0             0             1 
   108 x[6,8]       *              0             0             1 
   109 x[6,9]       *              0             0             1 
   110 x[6,10]      *              0             0             1 
   111 x[6,11]      *              0             0             1 
   112 x[6,12]      *              0             0             1 
   113 x[6,13]      *              0             0             1 
   114 x[6,14]      *              0             0             1 
   115 x[6,15]      *              0             0             1 
   116 x[6,16]      *              0             0             1 
   117 x[6,17]      *              0             0             1 
   118 x[6,18]      *              0             0             1 
   119 x[6,19]      *              0             0             1 
   120 x[6,20]      *              0             0             1 
   121 x[7,1]       *              0             0             1 
   122 x[7,2]       *              0             0             1 
   123 x[7,3]       *              0             0             1 
   124 x[7,4]       *              0             0             1 
   125 x[7,5]       *              0             0             1 
   126 x[7,6]       *              0             0             1 
   127 x[7,7]       *              0             0             1 
   128 x[7,8]       *              0             0             1 
   129 x[7,9]       *              0             0             1 
   130 x[7,10]      *              0             0             1 
   131 x[7,11]      *              0             0             1 
   132 x[7,12]      *              0             0             1 
   133 x[7,13]      *              0             0             1 
   134 x[7,14]      *              0             0             1 
   135 x[7,15]      *              0             0             1 
   136 x[7,16]      *              0             0             1 
   137 x[7,17]      *              0             0             1 
   138 x[7,18]      *              1             0             1 
   139 x[7,19]      *              0             0             1 
   140 x[7,20]      *              0             0             1 
   141 x[8,1]       *              0             0             1 
   142 x[8,2]       *              0             0             1 
   143 x[8,3]       *              0             0             1 
   144 x[8,4]       *              0             0             1 
   145 x[8,5]       *              0             0             1 
   146 x[8,6]       *              0             0             1 
   147 x[8,7]       *              0             0             1 
   148 x[8,8]       *              0             0             1 
   149 x[8,9]       *              0             0             1 
   150 x[8,10]      *              1             0             1 
   151 x[8,11]      *              0             0             1 
   152 x[8,12]      *              0             0             1 
   153 x[8,13]      *              0             0             1 
   154 x[8,14]      *              0             0             1 
   155 x[8,15]      *              0             0             1 
   156 x[8,16]      *              0             0             1 
   157 x[8,17]      *              0             0             1 
   158 x[8,18]      *              0             0             1 
   159 x[8,19]      *              0             0             1 
   160 x[8,20]      *              0             0             1 
   161 x[9,1]       *              0             0             1 
   162 x[9,2]       *              0             0             1 
   163 x[9,3]       *              0             0             1 
   164 x[9,4]       *              0             0             1 
   165 x[9,5]       *              0             0             1 
   166 x[9,6]       *              0             0             1 
   167 x[9,7]       *              1             0             1 
   168 x[9,8]       *              0             0             1 
   169 x[9,9]       *              0             0             1 
   170 x[9,10]      *              0             0             1 
   171 x[9,11]      *              0             0             1 
   172 x[9,12]      *              0             0             1 
   173 x[9,13]      *              0             0             1 
   174 x[9,14]      *              0             0             1 
   175 x[9,15]      *              0             0             1 
   176 x[9,16]      *              0             0             1 
   177 x[9,17]      *              0             0             1 
   178 x[9,18]      *              0             0             1 
   179 x[9,19]      *              0             0             1 
   180 x[9,20]      *              0             0             1 
   181 x[10,1]      *              0             0             1 
   182 x[10,2]      *              0             0             1 
   183 x[10,3]      *              0             0             1 
   184 x[10,4]      *              0             0             1 
   185 x[10,5]      *              0             0             1 
   186 x[10,6]      *              0             0             1 
   187 x[10,7]      *              0             0             1 
   188 x[10,8]      *              0             0             1 
   189 x[10,9]      *              1             0             1 
   190 x[10,10]     *              0             0             1 
   191 x[10,11]     *              0             0             1 
   192 x[10,12]     *              0             0             1 
   193 x[10,13]     *              0             0             1 
   194 x[10,14]     *              0             0             1 
   195 x[10,15]     *              0             0             1 
   196 x[10,16]     *              0             0             1 
   197 x[10,17]     *              0             0             1 
   198 x[10,18]     *              0             0             1 
   199 x[10,19]     *              0             0             1 
   200 x[10,20]     *              0             0             1 
   201 x[11,1]      *              0             0             1 
   202 x[11,2]      *              0             0             1 
   203 x[11,3]      *              0             0             1 
   204 x[11,4]      *              0             0             1 
   205 x[11,5]      *              0             0             1 
   206 x[11,6]      *              0             0             1 
   207 x[11,7]      *              0             0             1 
   208 x[11,8]      *              0             0             1 
   209 x[11,9]      *              0             0             1 
   210 x[11,10]     *              0             0             1 
   211 x[11,11]     *              0             0             1 
   212 x[11,12]     *              0             0             1 
   213 x[11,13]     *              0             0             1 
   214 x[11,14]     *              0             0             1 
   215 x[11,15]     *              0             0             1 
   216 x[11,16]     *              0             0             1 
   217 x[11,17]     *              0             0             1 
   218 x[11,18]     *              0             0             1 
   219 x[11,19]     *              0             0             1 
   220 x[11,20]     *              0             0             1 
   221 x[12,1]      *              0             0             1 
   222 x[12,2]      *              0             0             1 
   223 x[12,3]      *              0             0             1 
   224 x[12,4]      *              0             0             1 
   225 x[12,5]      *              0             0             1 
   226 x[12,6]      *              0             0             1 
   227 x[12,7]      *              0             0             1 
   228 x[12,8]      *              0             0             1 
   229 x[12,9]      *              0             0             1 
   230 x[12,10]     *              0             0             1 
   231 x[12,11]     *              0             0             1 
   232 x[12,12]     *              0             0             1 
   233 x[12,13]     *              0             0             1 
   234 x[12,14]     *              0             0             1 
   235 x[12,15]     *              0             0             1 
   236 x[12,16]     *              0             0             1 
   237 x[12,17]     *              0             0             1 
   238 x[12,18]     *              0             0             1 
   239 x[12,19]     *              0             0             1 
   240 x[12,20]     *              0             0             1 
   241 x[13,1]      *              0             0             1 
   242 x[13,2]      *              0             0             1 
   243 x[13,3]      *              0             0             1 
   244 x[13,4]      *              0             0             1 
   245 x[13,5]      *              0             0             1 
   246 x[13,6]      *              0             0             1 
   247 x[13,7]      *              0             0             1 
   248 x[13,8]      *              0             0             1 
   249 x[13,9]      *              0             0             1 
   250 x[13,10]     *              0             0             1 
   251 x[13,11]     *              0             0             1 
   252 x[13,12]     *              0             0             1 
   253 x[13,13]     *              0             0             1 
   254 x[13,14]     *              0             0             1 
   255 x[13,15]     *              0             0             1 
   256 x[13,16]     *              0             0             1 
   257 x[13,17]     *              0             0             1 
   258 x[13,18]     *              0             0             1 
   259 x[13,19]     *              0             0             1 
   260 x[13,20]     *              0             0             1 
   261 x[14,1]      *              0             0             1 
   262 x[14,2]      *              0             0             1 
   263 x[14,3]      *              0             0             1 
   264 x[14,4]      *              0             0             1 
   265 x[14,5]      *              0             0             1 
   266 x[14,6]      *              0             0             1 
   267 x[14,7]      *              0             0             1 
   268 x[14,8]      *              0             0             1 
   269 x[14,9]      *              0             0             1 
   270 x[14,10]     *              0             0             1 
   271 x[14,11]     *              0             0             1 
   272 x[14,12]     *              0             0             1 
   273 x[14,13]     *              0             0             1 
   274 x[14,14]     *              0             0             1 
   275 x[14,15]     *              0             0             1 
   276 x[14,16]     *              1             0             1 
   277 x[14,17]     *              0             0             1 
   278 x[14,18]     *              0             0             1 
   279 x[14,19]     *              0             0             1 
   280 x[14,20]     *              0             0             1 
   281 x[15,1]      *              0             0             1 
   282 x[15,2]      *              0             0             1 
   283 x[15,3]      *              0             0             1 
   284 x[15,4]      *              1             0             1 
   285 x[15,5]      *              0             0             1 
   286 x[15,6]      *              0             0             1 
   287 x[15,7]      *              0             0             1 
   288 x[15,8]      *              0             0             1 
   289 x[15,9]      *              0             0             1 
   290 x[15,10]     *              0             0             1 
   291 x[15,11]     *              0             0             1 
   292 x[15,12]     *              0             0             1 
   293 x[15,13]     *              0             0             1 
   294 x[15,14]     *              0             0             1 
   295 x[15,15]     *              0             0             1 
   296 x[15,16]     *              0             0             1 
   297 x[15,17]     *              0             0             1 
   298 x[15,18]     *              0             0             1 
   299 x[15,19]     *              0             0             1 
   300 x[15,20]     *              0             0             1 
   301 x[16,1]      *              0             0             1 
   302 x[16,2]      *              0             0             1 
   303 x[16,3]      *              0             0             1 
   304 x[16,4]      *              0             0             1 
   305 x[16,5]      *              0             0             1 
   306 x[16,6]      *              0             0             1 
   307 x[16,7]      *              0             0             1 
   308 x[16,8]      *              0             0             1 
   309 x[16,9]      *              0             0             1 
   310 x[16,10]     *              0             0             1 
   311 x[16,11]     *              0             0             1 
   312 x[16,12]     *              0             0             1 
   313 x[16,13]     *              0             0             1 
   314 x[16,14]     *              0             0             1 
   315 x[16,15]     *              0             0             1 
   316 x[16,16]     *              0             0             1 
   317 x[16,17]     *              0             0             1 
   318 x[16,18]     *              0             0             1 
   319 x[16,19]     *              0             0             1 
   320 x[16,20]     *              0             0             1 
   321 x[17,1]      *              0             0             1 
   322 x[17,2]      *              0             0             1 
   323 x[17,3]      *              0             0             1 
   324 x[17,4]      *              0             0             1 
   325 x[17,5]      *              0             0             1 
   326 x[17,6]      *              0             0             1 
   327 x[17,7]      *              0             0             1 
   328 x[17,8]      *              0             0             1 
   329 x[17,9]      *              0             0             1 
   330 x[17,10]     *              0             0             1 
   331 x[17,11]     *              0             0             1 
   332 x[17,12]     *              0             0             1 
   333 x[17,13]     *              0             0             1 
   334 x[17,14]     *              0             0             1 
   335 x[17,15]     *              0             0             1 
   336 x[17,16]     *              0             0             1 
   337 x[17,17]     *              1             0             1 
   338 x[17,18]     *              0             0             1 
   339 x[17,19]     *              0             0             1 
   340 x[17,20]     *              0             0             1 
   341 x[18,1]      *              0             0             1 
   342 x[18,2]      *              0             0             1 
   343 x[18,3]      *              0             0             1 
   344 x[18,4]      *              0             0             1 
   345 x[18,5]      *              0             0             1 
   346 x[18,6]      *              1             0             1 
   347 x[18,7]      *              0             0             1 
   348 x[18,8]      *              0             0             1 
   349 x[18,9]      *              0             0             1 
   350 x[18,10]     *              0             0             1 
   351 x[18,11]     *              0             0             1 
   352 x[18,12]     *              0             0             1 
   353 x[18,13]     *              0             0             1 
   354 x[18,14]     *              0             0             1 
   355 x[18,15]     *              0             0             1 
   356 x[18,16]     *              0             0             1 
   357 x[18,17]     *              0             0             1 
   358 x[18,18]     *              0             0             1 
   359 x[18,19]     *              0             0             1 
   360 x[18,20]     *              0             0             1 
   361 x[19,1]      *              0             0             1 
   362 x[19,2]      *              0             0             1 
   363 x[19,3]      *              0             0             1 
   364 x[19,4]      *              0             0             1 
   365 x[19,5]      *              0             0             1 
   366 x[19,6]      *              0             0             1 
   367 x[19,7]      *              0             0             1 
   368 x[19,8]      *              1             0             1 
   369 x[19,9]      *              0             0             1 
   370 x[19,10]     *              0             0             1 
   371 x[19,11]     *              0             0             1 
   372 x[19,12]     *              0             0             1 
   373 x[19,13]     *              0             0             1 
   374 x[19,14]     *              0             0             1 
   375 x[19,15]     *              0             0             1 
   376 x[19,16]     *              0             0             1 
   377 x[19,17]     *              0             0             1 
   378 x[19,18]     *              0             0             1 
   379 x[19,19]     *              0             0             1 
   380 x[19,20]     *              0             0             1 
   381 x[20,1]      *              0             0             1 
   382 x[20,2]      *              0             0             1 
   383 x[20,3]      *              0             0             1 
   384 x[20,4]      *              0             0             1 
   385 x[20,5]      *              0             0             1 
   386 x[20,6]      *              0             0             1 
   387 x[20,7]      *              0             0             1 
   388 x[20,8]      *              0             0             1 
   389 x[20,9]      *              0             0             1 
   390 x[20,10]     *              0             0             1 
   391 x[20,11]     *              0             0             1 
   392 x[20,12]     *              0             0             1 
   393 x[20,13]     *              0             0             1 
   394 x[20,14]     *              0             0             1 
   395 x[20,15]     *              0             0             1 
   396 x[20,16]     *              0             0             1 
   397 x[20,17]     *              0             0             1 
   398 x[20,18]     *              0             0             1 
   399 x[20,19]     *              0             0             1 
   400 x[20,20]     *              0             0             1 
   401 x[21,1]      *              0             0             1 
   402 x[21,2]      *              0             0             1 
   403 x[21,3]      *              0             0             1 
   404 x[21,4]      *              0             0             1 
   405 x[21,5]      *              0             0             1 
   406 x[21,6]      *              0             0             1 
   407 x[21,7]      *              0             0             1 
   408 x[21,8]      *              0             0             1 
   409 x[21,9]      *              0             0             1 
   410 x[21,10]     *              0             0             1 
   411 x[21,11]     *              0             0             1 
   412 x[21,12]     *              0             0             1 
   413 x[21,13]     *              0             0             1 
   414 x[21,14]     *              0             0             1 
   415 x[21,15]     *              1             0             1 
   416 x[21,16]     *              0             0             1 
   417 x[21,17]     *              0             0             1 
   418 x[21,18]     *              0             0             1 
   419 x[21,19]     *              0             0             1 
   420 x[21,20]     *              0             0             1 
   421 x[22,1]      *              0             0             1 
   422 x[22,2]      *              0             0             1 
   423 x[22,3]      *              0             0             1 
   424 x[22,4]      *              0             0             1 
   425 x[22,5]      *              0             0             1 
   426 x[22,6]      *              0             0             1 
   427 x[22,7]      *              0             0             1 
   428 x[22,8]      *              0             0             1 
   429 x[22,9]      *              0             0             1 
   430 x[22,10]     *              0             0             1 
   431 x[22,11]     *              0             0             1 
   432 x[22,12]     *              0             0             1 
   433 x[22,13]     *              0             0             1 
   434 x[22,14]     *              0             0             1 
   435 x[22,15]     *              0             0             1 
   436 x[22,16]     *              0             0             1 
   437 x[22,17]     *              0             0             1 
   438 x[22,18]     *              0             0             1 
   439 x[22,19]     *              0             0             1 
   440 x[22,20]     *              1             0             1 
   441 x[23,1]      *              1             0             1 
   442 x[23,2]      *              0             0             1 
   443 x[23,3]      *              0             0             1 
   444 x[23,4]      *              0             0             1 
   445 x[23,5]      *              0             0             1 
   446 x[23,6]      *              0             0             1 
   447 x[23,7]      *              0             0             1 
   448 x[23,8]      *              0             0             1 
   449 x[23,9]      *              0             0             1 
   450 x[23,10]     *              0             0             1 
   451 x[23,11]     *              0             0             1 
   452 x[23,12]     *              0             0             1 
   453 x[23,13]     *              0             0             1 
   454 x[23,14]     *              0             0             1 
   455 x[23,15]     *              0             0             1 
   456 x[23,16]     *              0             0             1 
   457 x[23,17]     *              0             0             1 
   458 x[23,18]     *              0             0             1 
   459 x[23,19]     *              0             0             1 
   460 x[23,20]     *              0             0             1 
   461 x[24,1]      *              0             0             1 
   462 x[24,2]      *              0             0             1 
   463 x[24,3]      *              0             0             1 
   464 x[24,4]      *              0             0             1 
   465 x[24,5]      *              0             0             1 
   466 x[24,6]      *              0             0             1 
   467 x[24,7]      *              0             0             1 
   468 x[24,8]      *              0             0             1 
   469 x[24,9]      *              0             0             1 
   470 x[24,10]     *              0             0             1 
   471 x[24,11]     *              0             0             1 
   472 x[24,12]     *              0             0             1 
   473 x[24,13]     *              0             0             1 
   474 x[24,14]     *              0             0             1 
   475 x[24,15]     *              0             0             1 
   476 x[24,16]     *              0             0             1 
   477 x[24,17]     *              0             0             1 
   478 x[24,18]     *              0             0             1 
   479 x[24,19]     *              0             0             1 
   480 x[24,20]     *              0             0             1 
   481 x[25,1]      *              0             0             1 
   482 x[25,2]      *              0             0             1 
   483 x[25,3]      *              0             0             1 
   484 x[25,4]      *              0             0             1 
   485 x[25,5]      *              0             0             1 
   486 x[25,6]      *              0             0             1 
   487 x[25,7]      *              0             0             1 
   488 x[25,8]      *              0             0             1 
   489 x[25,9]      *              0             0             1 
   490 x[25,10]     *              0             0             1 
   491 x[25,11]     *              0             0             1 
   492 x[25,12]     *              0             0             1 
   493 x[25,13]     *              0             0             1 
   494 x[25,14]     *              0             0             1 
   495 x[25,15]     *              0             0             1 
   496 x[25,16]     *              0             0             1 
   497 x[25,17]     *              0             0             1 
   498 x[25,18]     *              0             0             1 
   499 x[25,19]     *              0             0             1 
   500 x[25,20]     *              0             0             1 
   501 x[26,1]      *              0             0             1 
   502 x[26,2]      *              0             0             1 
   503 x[26,3]      *              0             0             1 
   504 x[26,4]      *              0             0             1 
   505 x[26,5]      *              0             0             1 
   506 x[26,6]      *              0             0             1 
   507 x[26,7]      *              0             0             1 
   508 x[26,8]      *              0             0             1 
   509 x[26,9]      *              0             0             1 
   510 x[26,10]     *              0             0             1 
   511 x[26,11]     *              0             0             1 
   512 x[26,12]     *              0             0             1 
   513 x[26,13]     *              0             0             1 
   514 x[26,14]     *              0             0             1 
   515 x[26,15]     *              0             0             1 
   516 x[26,16]     *              0             0             1 
   517 x[26,17]     *              0             0             1 
   518 x[26,18]     *              0             0             1 
   519 x[26,19]     *              0             0             1 
   520 x[26,20]     *              0             0             1 
   521 x[27,1]      *              0             0             1 
   522 x[27,2]      *              1             0             1 
   523 x[27,3]      *              0             0             1 
   524 x[27,4]      *              0             0             1 
   525 x[27,5]      *              0             0             1 
   526 x[27,6]      *              0             0             1 
   527 x[27,7]      *              0             0             1 
   528 x[27,8]      *              0             0             1 
   529 x[27,9]      *              0             0             1 
   530 x[27,10]     *              0             0             1 
   531 x[27,11]     *              0             0             1 
   532 x[27,12]     *              0             0             1 
   533 x[27,13]     *              0             0             1 
   534 x[27,14]     *              0             0             1 
   535 x[27,15]     *              0             0             1 
   536 x[27,16]     *              0             0             1 
   537 x[27,17]     *              0             0             1 
   538 x[27,18]     *              0             0             1 
   539 x[27,19]     *              0             0             1 
   540 x[27,20]     *              0             0             1 
   541 x[28,1]      *              0             0             1 
   542 x[28,2]      *              0             0             1 
   543 x[28,3]      *              0             0             1 
   544 x[28,4]      *              0             0             1 
   545 x[28,5]      *              0             0             1 
   546 x[28,6]      *              0             0             1 
   547 x[28,7]      *              0             0             1 
   548 x[28,8]      *              0             0             1 
   549 x[28,9]      *              0             0             1 
   550 x[28,10]     *              0             0             1 
   551 x[28,11]     *              0             0             1 
   552 x[28,12]     *              0             0             1 
   553 x[28,13]     *              0             0             1 
   554 x[28,14]     *              0             0             1 
   555 x[28,15]     *              0             0             1 
   556 x[28,16]     *              0             0             1 
   557 x[28,17]     *              0             0             1 
   558 x[28,18]     *              0             0             1 
   559 x[28,19]     *              0             0             1 
   560 x[28,20]     *              0             0             1 
   561 x[29,1]      *              0             0             1 
   562 x[29,2]      *              0             0             1 
   563 x[29,3]      *              0             0             1 
   564 x[29,4]      *              0             0             1 
   565 x[29,5]      *              0             0             1 
   566 x[29,6]      *              0             0             1 
   567 x[29,7]      *              0             0             1 
   568 x[29,8]      *              0             0             1 
   569 x[29,9]      *              0             0             1 
   570 x[29,10]     *              0             0             1 
   571 x[29,11]     *              0             0             1 
   572 x[29,12]     *              0             0             1 
   573 x[29,13]     *              0             0             1 
   574 x[29,14]     *              1             0             1 
   575 x[29,15]     *              0             0             1 
   576 x[29,16]     *              0             0             1 
   577 x[29,17]     *              0             0             1 
   578 x[29,18]     *              0             0             1 
   579 x[29,19]     *              0             0             1 
   580 x[29,20]     *              0             0             1 
   581 x[30,1]      *              0             0             1 
   582 x[30,2]      *              0             0             1 
   583 x[30,3]      *              0             0             1 
   584 x[30,4]      *              0             0             1 
   585 x[30,5]      *              0             0             1 
   586 x[30,6]      *              0             0             1 
   587 x[30,7]      *              0             0             1 
   588 x[30,8]      *              0             0             1 
   589 x[30,9]      *              0             0             1 
   590 x[30,10]     *              0             0             1 
   591 x[30,11]     *              0             0             1 
   592 x[30,12]     *              0             0             1 
   593 x[30,13]     *              1             0             1 
   594 x[30,14]     *              0             0             1 
   595 x[30,15]     *              0             0             1 
   596 x[30,16]     *              0             0             1 
   597 x[30,17]     *              0             0             1 
   598 x[30,18]     *              0             0             1 
   599 x[30,19]     *              0             0             1 
   600 x[30,20]     *              0             0             1 
   601 y[1]         *              0             0             1 
   602 y[2]         *              0             0             1 
   603 y[3]         *              0             0             1 
   604 y[4]         *              0             0             1 
   605 y[5]         *              0             0             1 
   606 y[6]         *              1             0             1 
   607 y[7]         *              0             0             1 
   608 y[8]         *              0             0             1 
   609 y[9]         *              0             0             1 
   610 y[10]        *              0             0             1 
   611 y[11]        *              1             0             1 
   612 y[12]        *              1             0             1 
   613 y[13]        *              1             0             1 
   614 y[14]        *              0             0             1 
   615 y[15]        *              0             0             1 
   616 y[16]        *              1             0             1 
   617 y[17]        *              0             0             1 
   618 y[18]        *              0             0             1 
   619 y[19]        *              0             0             1 
   620 y[20]        *              1             0             1 
   621 y[21]        *              0             0             1 
   622 y[22]        *              0             0             1 
   623 y[23]        *              0             0             1 
   624 y[24]        *              1             0             1 
   625 y[25]        *              1             0             1 
   626 y[26]        *              1             0             1 
   627 y[27]        *              0             0             1 
   628 y[28]        *              1             0             1 
   629 y[29]        *              0             0             1 
   630 y[30]        *              0             0             1 

Integer feasibility conditions:

KKT.PE: max.abs.err = 0.00e+00 on row 0
        max.rel.err = 0.00e+00 on row 0
        High quality

KKT.PB: max.abs.err = 0.00e+00 on row 0
        max.rel.err = 0.00e+00 on row 0
        High quality

End of output
